2
10
8
9
40
11
16
7
6
8
12
8
8
3
41
9
46
16
51
7
52
19
30
35
30
30
34
11
14
67
47
34
41
23
24
60
53
35
53
25
27
7
35
20
96
30
13
40
48
37
10
50
33
21
27
55
45
21
19
51
44
38
37
12
16
39
25
6
25
40
30
27
57
38
15
26
48
42
43
36
72
22
17
51
31
49
15
9
43
57
41
40
31
21
7
116
34
28
56
22
21
69
42
28
36
30
58
32
23
25
52
108
54
40
18
40
52
57
37
32
20
34
55
58
44
17
34
55
33
37
13
44
13
42
24
39
43
69
60
58
31
29
67
142
41
42
19
22
30
56
23
84
45
17
16
16
23
82
17
17
17
14
29
53
31
18
31
29
31
19
28
42
57
76
28
41
10
