1
6
6
8
24
7
9
3
2
4
9
5
8
3
24
6
33
7
28
4
31
10
24
25
18
21
25
10
11
44
26
23
28
15
14
33
32
22
33
24
19
7
24
13
71
29
8
28
27
28
7
32
20
12
15
38
31
14
13
37
29
23
29
7
11
27
23
3
15
22
19
18
32
23
11
15
27
26
25
23
47
11
11
34
16
32
10
5
25
39
32
28
19
17
6
75
20
17
39
16
10
41
24
19
24
17
38
23
21
15
35
76
36
21
13
28
27
42
27
22
10
17
36
34
25
15
22
36
23
26
9
29
5
23
17
28
33
45
32
42
20
19
45
97
37
31
15
17
23
35
18
55
26
10
11
13
14
56
15
11
11
7
18
37
19
12
26
18
22
13
14
26
40
38
23
28
5
