2
5
4
2
12
5
5
2
2
2
6
3
4
2
17
5
18
5
18
2
21
5
13
14
9
14
15
5
5
26
17
13
14
9
8
22
18
11
23
12
10
2
12
6
39
14
4
15
14
13
5
18
11
6
11
20
15
7
6
18
16
14
18
3
6
12
13
2
10
16
13
10
17
15
6
9
17
14
18
11
28
7
7
18
8
20
5
3
17
21
19
15
8
9
2
39
11
10
19
8
8
24
17
14
12
14
24
13
12
10
22
46
24
15
8
13
18
22
17
12
7
12
23
24
17
9
11
23
13
16
6
18
3
16
11
15
18
26
20
25
12
11
23
61
19
17
7
9
9
16
11
33
16
6
7
7
8
33
7
7
5
6
10
21
12
8
14
12
13
7
10
15
26
26
13
13
3
2
5
4
2
12
5
5
2
2
2
6
3
4
2
17
5
18
5
18
2
21
5
13
14
9
14
15
5
5
26
17
13
14
9
8
22
18
11
23
12
10
2
12
6
39
14
4
15
14
13
5
18
11
6
11
20
15
7
6
18
16
14
18
3
6
12
13
2
10
16
13
10
17
15
6
9
17
14
18
11
28
7
7
18
8
20
5
3
17
21
19
15
8
9
2
39
11
10
19
8
8
24
17
14
12
14
24
13
12
10
22
46
24
15
8
13
18
22
17
12
7
12
23
24
17
9
11
23
13
16
6
18
3
16
11
15
18
26
20
25
12
11
23
61
19
17
7
9
9
16
11
33
16
6
7
7
8
33
7
7
5
6
10
21
12
8
14
12
13
7
10
15
26
26
13
13
3
2
6
5
3
13
6
6
3
3
3
7
4
5
3
18
6
19
6
19
3
22
6
14
15
10
15
16
6
6
27
18
14
15
1
10
9
23
19
12
24
13
11
3
13
7
40
15
5
16
15
14
6
19
12
7
12
21
16
8
7
19
17
15
19
4
7
13
14
3
11
17
14
11
18
16
7
10
18
15
19
12
29
8
8
19
9
21
6
4
18
22
19
16
9
10
3
40
12
11
20
9
8
25
18
15
13
15
25
14
13
11
23
47
25
16
9
14
19
23
18
13
8
13
24
25
18
10
12
24
14
17
7
19
4
17
12
16
19
27
21
26
13
12
24
62
20
18
8
10
10
17
12
34
17
7
8
8
9
34
8
8
6
7
11
22
13
8
15
13
14
8
11
16
27
27
14
14
4
